Civil Norte: 

41.179227, -8.596069        41.179165, -8.595395
41.178664, -8.596130        41.178603, -8.595467

Eletrotecnica Norte:

41.178892, -8.595421        41.178876, -8.595000
41.178583, -8.595469        41.178553, -8.595034

Mecânica Norte:

41.179070, -8.594777        41.179050, -8.594332
41.178529, -8.594826        41.178501, -8.594394

Mecânica Sul:

41.178424, -8.594634        41.178418, -8.594395
41.177915, -8.594695        41.177913, -8.594448

Biblioteca:

41.177628, -8.594794        41.177541, -8.594418
41.177388, -8.594922        41.177285, -8.594563

Eletrotecnica/Info:

41.178485, -8.595568        41.178288, -8.5947226
41.177994, -8.595614        41.177938, -8.594769

CICA:

41.177958, -8.595128        41.177950, -8.594833
41.177696, -8.595168        41.177678, -8.594884

Civil:

41.178526, -8.596239        41.178492, -8.595633
41.178072, -8.596298        41.178032, -8.595660

Química:

41.178581, -8.597119        41.178541, -8.596341
41.178083, -8.597172        41.178031, -8.596405

Bar de Minas:

41.178623, -8.597738        41.178593, -8.597183
41.178448, -8.597744        41.178424, -8.597208

Direção:

41.178420, -8.598029        41.178396, -8.597404
41.177893, -8.598067        41.177790, -8.597496

B(1):

41.177968, -8.597347        41.177760, -8.595848
41.177637, -8.597463        41.177377, -8.595940

Queijos:

41.177908, -8.595849       41.177862, -8.595361
41.177715, -8.595879       41.177610, -8.595466

B(2):

41.177642, -8.595611       41.177490, -8.595009
41.177329, -8.595769       41.177161, -8.595167